


Sentence : 57
Undetermined MMS phishing action codes (code, number of links):
13975 320 54780 12 14659 3 19343 1
51557 119 92529 11 16814 3 20732 1
37020 88 61135 10 20247 3 25938 1
11111 71 89838 10 24037 3 26346 1
61925 64 44638 9 27307 3 26842 1
91130 63 60007 9 31785 3 27758 1
91200 58 67648 9 37629 3 30053 1
79711 47 72371 9 49284 3 36962 1
43312 42 96565 9 54512 3 37477 1
75687 37 99094 9 68798 3 37686 1
81544 37 24483 8 79286 3 38686 1
51949 29 46127 8 85076 3 40606 1
23562 28 55223 8 94046 3 42067 1
96780 25 99061 7 11468 2 50935 1
72026 24 20470 6 20460 2 52833 1
78098 23 22798 6 25559 2 55991 1
96878 20 32331 6 41075 2 59635 1
18986 19 40772 6 45834 2 65025 1
21782 19 52741 6 57403 2 65414 1
57673 18 63095 6 65855 2 66185 1
62088 18 70610 6 71103 2 67120 1
37267 16 92826 6 71633 2 74336 1
40019 16 25387 5 75778 2 74800 1
46681 15 69153 5 77776 2 75906 1
47390 15 72564 5 80209 2 89027 1
22775 14 24122 4 91062 2 89675 1
80998 14 47240 4 91212 2 90962 1
98758 14 76002 4 91869 2 91774 1
36942 13 82852 4 13335 1 94776 1
93620 13 83478 4 15318 1 98886 1
97276 13 97561 4 16155 1
Output : 
{
    "nodes": [
        {"id": 1, "description": "MMS phishing action codes", "type" : "EXEF"},
        {"id": 2, "description": "Undetermined MMS phishing action", "type" : "TTPS"}
    ],
    "edges": [
        {"source": 1, "target": 2, "rel_name" : "used in"}
    ]
}